image_00000 322 223 347 253
image_00001 321 210 346 252
image_00002 322 222 348 253
image_00003 321 221 350 253
image_00004 320 219 346 249
image_00005 320 221 344 248
image_00006 320 218 346 250
image_00007 318 219 344 248
image_00008 319 220 345 249
image_00009 315 218 345 249
image_00010 315 218 345 250
image_00011 314 217 344 251
image_00012 313 218 345 251
image_00013 313 216 346 251
image_00014 312 217 346 252
image_00015 309 216 346 252
image_00016 316 215 346 252
image_00017 313 205 361 254
image_00018 313 206 363 254
image_00019 311 204 365 254
image_00020 311 206 364 253
image_00021 312 206 365 254
image_00022 311 205 366 254
image_00023 311 206 365 253
image_00024 312 205 365 254
image_00025 311 205 366 255
image_00026 312 205 365 255
image_00027 310 205 366 255
image_00028 310 205 367 252
image_00029 310 205 366 256
image_00030 309 205 366 256
image_00031 330 206 367 256
image_00032 333 206 367 257
image_00033 335 205 368 260
image_00034 335 204 368 258
image_00035 337 203 366 260
image_00036 338 204 378 258
image_00037 335 206 377 260
image_00038 336 207 377 260
image_00039 334 208 377 260
image_00040 334 207 375 260
image_00041 333 204 376 259
image_00042 333 199 377 259
image_00043 331 199 376 259
image_00044 331 200 376 259
image_00045 331 199 377 258
image_00046 329 199 377 258
image_00047 345 197 376 231
image_00048 347 200 376 228
image_00049 347 201 375 228
image_00050 346 201 375 228
image_00051 352 199 374 224
image_00052 350 201 374 224
image_00053 350 201 375 224
image_00054 351 200 375 223
image_00055 352 200 373 219
image_00056 355 201 373 220
image_00057 358 199 372 220
image_00058 358 198 372 219
image_00059 358 200 371 218
image_00060 358 198 371 217
image_00061 358 198 370 217
image_00062 356 198 369 217
image_00063 358 199 368 216
